<?xml version="1.0" encoding="UTF-8"?>
<svg version="1.2" baseProfile="tiny-ps" xmlns="http://www.w3.org/2000/svg"
     width="256" height="256" viewBox="0 0 375 375">
  <!-- Solid background (required for BIMI strict / VMC) -->
  <rect x="0" y="0" width="375" height="375" fill="#FFFFFF"/>

  <!-- Light blue shape -->
  <path fill="#4fc3f7" fill-rule="nonzero" d="M 186.957031 154.847656 C 196.246094 154.847656 203.773438 147.320312 203.773438 138.03125 C 203.773438 128.742188 196.242188 121.214844 186.957031 121.214844 C 177.671875 121.214844 170.136719 128.742188 170.136719 138.03125 C 170.136719 141.871094 171.425781 145.414062 173.59375 148.242188 L 157.613281 164.222656 C 155.800781 163.242188 153.71875 162.683594 151.507812 162.683594 C 144.40625 162.683594 138.648438 168.441406 138.648438 175.546875 C 138.648438 182.652344 144.40625 188.40625 151.507812 188.40625 C 154.628906 188.40625 157.488281 187.296875 159.714844 185.449219 L 176.707031 202.441406 C 176.097656 203.6875 175.753906 205.085938 175.753906 206.5625 C 175.753906 211.75 179.960938 215.957031 185.148438 215.957031 C 190.335938 215.957031 194.542969 211.75 194.542969 206.5625 C 194.542969 201.375 190.335938 197.167969 185.148438 197.167969 C 183.667969 197.167969 182.269531 197.511719 181.027344 198.117188 L 163.390625 180.480469 C 164.023438 178.960938 164.375 177.292969 164.375 175.542969 C 164.375 172.867188 163.554688 170.378906 162.15625 168.316406 L 178.132812 152.339844 C 180.691406 153.933594 183.714844 154.847656 186.957031 154.847656 Z"/>

  <!-- Dark blue shape -->
  <path fill="#0a1f44" fill-rule="nonzero" d="M 188.027344 220.164062 C 178.738281 220.164062 171.210938 227.695312 171.210938 236.984375 C 171.210938 246.273438 178.738281 253.800781 188.027344 253.800781 C 197.316406 253.800781 204.847656 246.273438 204.847656 236.984375 C 204.847656 233.140625 203.558594 229.601562 201.390625 226.769531 L 217.367188 210.792969 C 219.183594 211.773438 221.265625 212.328125 223.472656 212.328125 C 230.574219 212.328125 236.335938 206.570312 236.335938 199.46875 C 236.335938 192.367188 230.574219 186.605469 223.472656 186.605469 C 220.355469 186.605469 217.496094 187.71875 215.269531 189.5625 L 198.277344 172.574219 C 198.886719 171.328125 199.230469 169.929688 199.230469 168.453125 C 199.230469 163.265625 195.023438 159.058594 189.835938 159.058594 C 184.648438 159.058594 180.441406 163.265625 180.441406 168.453125 C 180.441406 173.636719 184.648438 177.84375 189.835938 177.84375 C 191.316406 177.84375 192.714844 177.503906 193.957031 176.894531 L 211.59375 194.53125 C 210.960938 196.054688 210.609375 197.722656 210.609375 199.472656 C 210.609375 202.148438 211.429688 204.636719 212.828125 206.695312 L 196.851562 222.671875 C 194.292969 221.085938 191.265625 220.164062 188.027344 220.164062 Z"/>

  <!-- Small light blue circles -->
  <path fill="#4fc3f7" fill-rule="nonzero" d="M 166.183594 218.097656 C 166.527344 218.4375 166.832031 218.808594 167.097656 219.210938 C 167.367188 219.609375 167.589844 220.035156 167.777344 220.476562 C 167.960938 220.921875 168.097656 221.382812 168.191406 221.855469 C 168.289062 222.328125 168.335938 222.804688 168.335938 223.285156 C 168.335938 223.765625 168.289062 224.246094 168.195312 224.71875 C 168.097656 225.191406 167.960938 225.648438 167.777344 226.09375 C 167.589844 226.539062 167.367188 226.960938 167.097656 227.363281 C 166.832031 227.761719 166.527344 228.132812 166.1875 228.472656 C 165.84375 228.8125 165.472656 229.117188 165.074219 229.386719 C 164.671875 229.652344 164.25 229.878906 163.804688 230.0625 C 163.359375 230.246094 162.902344 230.386719 162.429688 230.480469 C 161.957031 230.574219 161.480469 230.621094 161 230.621094 C 160.515625 230.621094 160.039062 230.574219 159.566406 230.480469 C 159.09375 230.386719 158.636719 230.246094 158.191406 230.0625 C 157.746094 229.878906 157.324219 229.652344 156.921875 229.386719 C 156.523438 229.117188 156.152344 228.8125 155.8125 228.472656 C 155.46875 228.132812 155.167969 227.761719 154.898438 227.363281 C 154.632812 226.960938 154.40625 226.539062 154.21875 226.09375 C 154.035156 225.648438 153.898438 225.191406 153.804688 224.71875 C 153.710938 224.246094 153.664062 223.769531 153.664062 223.285156 C 153.664062 222.804688 153.710938 222.328125 153.804688 221.855469 C 153.898438 221.382812 154.035156 220.921875 154.21875 220.480469 C 154.40625 220.035156 154.628906 219.609375 154.898438 219.210938 C 155.167969 218.808594 155.46875 218.4375 155.8125 218.097656 Z"/>
  <path fill="#4fc3f7" fill-rule="nonzero" d="M 153.316406 206.753906 C 153.316406 207.074219 153.285156 207.386719 153.222656 207.699219 C 153.160156 208.011719 153.070312 208.316406 152.949219 208.609375 C 152.824219 208.902344 152.675781 209.183594 152.5 209.449219 C 152.324219 209.714844 152.121094 209.957031 151.894531 210.183594 C 151.671875 210.40625 151.425781 210.609375 151.160156 210.785156 C 150.898438 210.960938 150.617188 211.113281 150.324219 211.234375 C 150.03125 211.355469 149.726562 211.449219 149.414062 211.511719 C 149.101562 211.570312 148.785156 211.601562 148.46875 211.601562 C 148.148438 211.601562 147.835938 211.570312 147.523438 211.511719 C 147.210938 211.449219 146.90625 211.355469 146.613281 211.234375 C 146.320312 211.113281 146.039062 210.960938 145.773438 210.785156 C 145.507812 210.609375 145.265625 210.40625 145.039062 210.183594 C 144.816406 209.957031 144.613281 209.714844 144.4375 209.449219 C 144.261719 209.183594 144.109375 208.902344 143.988281 208.609375 C 143.867188 208.316406 143.773438 208.011719 143.710938 207.699219 C 143.652344 207.386719 143.621094 207.074219 143.621094 206.753906 Z"/>

  <!-- Small dark blue circles -->
  <path fill="#0a1f44" fill-rule="nonzero" d="M 234.804688 173.429688 C 234.804688 173.75 234.773438 174.0625 234.710938 174.375 C 234.648438 174.6875 234.558594 174.992188 234.4375 175.285156 C 234.316406 175.582031 234.164062 175.859375 233.988281 176.125 C 233.8125 176.390625 233.609375 176.632812 233.386719 176.859375 C 233.160156 177.085938 232.914062 177.285156 232.652344 177.460938 C 232.386719 177.640625 232.105469 177.789062 231.8125 177.910156 C 231.519531 178.03125 231.214844 178.125 230.902344 178.1875 C 230.589844 178.25 230.277344 178.277344 229.957031 178.277344 C 229.640625 178.277344 229.324219 178.25 229.011719 178.1875 C 228.699219 178.125 228.394531 178.03125 228.101562 177.910156 C 227.808594 177.789062 227.527344 177.640625 227.261719 177.460938 C 227 177.285156 226.753906 177.085938 226.527344 176.859375 C 226.304688 176.632812 226.101562 176.390625 225.925781 176.125 C 225.75 175.859375 225.597656 175.582031 225.476562 175.285156 C 225.355469 174.992188 225.265625 174.6875 225.203125 174.375 C 225.140625 174.0625 225.109375 173.75 225.109375 173.429688 Z"/>
  <path fill="#0a1f44" fill-rule="nonzero" d="M 225.140625 146.542969 C 225.480469 146.882812 225.785156 147.253906 226.054688 147.65625 C 226.320312 148.054688 226.546875 148.476562 226.730469 148.921875 C 226.914062 149.367188 227.054688 149.828125 227.148438 150.300781 C 227.242188 150.773438 227.289062 151.25 227.289062 151.730469 C 227.289062 152.210938 227.242188 152.6875 227.148438 153.160156 C 227.054688 153.632812 226.914062 154.09375 226.730469 154.539062 C 226.546875 154.984375 226.320312 155.40625 226.054688 155.804688 C 225.785156 156.207031 225.480469 156.578125 225.140625 156.917969 C 224.800781 157.257812 224.429688 157.5625 224.027344 157.828125 C 223.628906 158.097656 223.207031 158.324219 222.761719 158.507812 C 222.316406 158.691406 221.855469 158.832031 221.382812 158.925781 C 220.914062 159.019531 220.433594 159.066406 219.953125 159.066406 C 219.472656 159.066406 218.996094 159.019531 218.523438 158.925781 C 218.050781 158.832031 217.589844 158.691406 217.144531 158.507812 C 216.699219 158.324219 216.277344 158.097656 215.878906 157.832031 C 215.476562 157.5625 215.105469 157.257812 214.765625 156.917969 C 214.425781 156.578125 214.121094 156.207031 213.855469 155.804688 C 213.585938 155.40625 213.359375 154.984375 213.175781 154.539062 C 212.992188 154.09375 212.851562 153.632812 212.757812 153.160156 C 212.664062 152.6875 212.617188 152.210938 212.617188 151.730469 C 212.617188 151.25 212.664062 150.773438 212.757812 150.300781 Z"/>

  <title>Brand Mark (BIMI Strict)</title>
  <desc>SVG Tiny P/S; no clipPath, mask, filter, style, script, or external refs.</desc>
</svg>
